10
280.138323026651 359.069037877185 305.1054916435 257.191022976282 313.030087005625 226.075332964895 297.555220430655 259.897962290646 163.659298813424 260.6480636467
228.294040003219 273.468512042592 227.521614366534 187.959636718467 249.985068717596 150.337369401251 177.907301357136 205.026080017619 122.824605782648 199.139216327963
212.386326605164 228.358473642428 241.804912563863 177.358075824563 244.945634555693 182.966123902981 234.975283197406 216.619898737161 136.486298238527 212.814615984648
262.235846477055 297.713174251727 330.812642617264 230.430719492599 317.695637686777 254.626537347411 332.011771861864 238.314686715479 141.304957003322 295.763436476326
183.34731809628 228.111780625124 254.262634404516 173.043772686007 288.159302392017 178.588160866258 252.272703654407 199.772549012599 130.416913268226 192.290216085326
291.140857346523 366.44272634121 272.084117341959 293.319299596851 360.538047798124 318.064519123155 349.445962957621 309.904509431916 161.256956603172 315.407735419929
292.818859105224 297.93756099858 288.546988004659 288.959846107788 252.0240723293 214.250152336498 303.385164121785 242.239771205678 196.389067022316 221.614562626253
190.262532275553 231.391963834749 270.137115119107 186.788768071255 295.07769422892 233.138621336013 276.671943545628 215.656032097873 121.344530934583 247.221108081275
262.59629715081 322.992185790155 327.680672550553 198.394458880085 290.02605151717 212.208345334165 259.118066036406 252.92870496938 151.584425345222 287.96203323396
251.041644528556 255.510699956618 256.531081956554 241.408902501036 306.149226469755 194.434437548039 254.057763187864 224.333557292814 155.082456114039 231.7190429276
