50
8.348421 1.047961 7.446405 3.605008 3.593108 6.092384 3.937796 4.090726 5.099024 7.101480 9.605262 4.566211 4.276515 1.134637 2.178989 9.574721 9.433507 8.818243 6.464106 2.138248 6.368320 1.391463 4.587041 8.738632 2.584503 6.648511 8.626743 1.488481 5.629500 1.591553 1.728949 1.040230 2.029376 4.551893 7.945749 9.908227 8.050172 3.774154 5.157374 0.588989 7.110957 0.725078 8.826116 7.260578 8.333662 7.102307 6.974299 9.301028 8.816727 0.949720
4.564964 4.927235 1.089735 1.537345 9.842840 2.715602 8.971519 1.642346 1.323583 3.173534 3.074226 4.220552 3.309964 5.680754 0.952847 7.979775 2.686564 9.114149 9.017440 0.158578 8.536822 6.756062 0.376803 3.089478 5.642495 5.940776 6.808134 6.324318 9.387025 7.371196 7.448555 1.088856 4.936353 8.667510 0.182551 1.829037 1.126799 8.532977 0.484541 4.994289 5.030899 7.647271 3.474789 9.314189 2.992059 5.511295 0.575553 5.953068 6.430442 7.411940
0.989127 3.447756 6.892540 1.821620 0.025412 2.675542 6.991276 4.189344 3.190750 2.121946 3.130252 3.704399 1.320827 6.772995 5.098067 8.574261 0.003638 7.791450 7.922952 0.641396 4.300190 3.465244 8.416752 4.841245 2.587802 1.169256 6.161438 3.517300 5.134578 3.625323 9.806757 4.056859 8.033940 6.768205 2.681561 5.009180 4.049160 7.282497 3.632101 8.777998 4.607049 9.358169 8.501897 3.149406 4.854213 4.045970 9.865219 4.675752 3.380236 4.484689
1.733660 5.730924 7.180468 8.925255 7.889102 4.846040 3.121380 6.953820 5.795555 3.895334 4.596794 6.153857 1.288997 5.894796 5.520611 4.871203 5.494213 9.789903 1.711111 5.275267 7.063052 5.385150 4.055703 7.591468 7.126049 2.026927 9.827022 7.867614 0.058831 5.590544 7.624720 2.438442 7.529059 0.285447 0.789769 7.685253 9.817329 5.093746 2.919949 3.022387 2.085981 0.529176 9.697946 0.734919 5.109483 4.074671 5.746339 6.389847 1.427554 4.865012
1.299343 2.815094 1.763298 8.501755 1.633317 8.083454 6.175638 4.024136 6.759106 0.223076 3.597622 3.483533 2.607860 1.870794 6.808651 8.786554 8.087585 1.801066 5.235499 6.415666 9.174497 6.268958 9.327639 1.656638 5.549800 4.822225 4.086080 7.426123 3.514503 5.395816 5.031277 9.868557 1.262323 7.194543 3.045706 7.249008 3.901169 8.163689 4.483651 3.084005 4.221046 5.849552 6.034608 1.506411 3.469133 1.639017 7.364216 1.977564 8.357649 4.270811
6.008497 3.843549 5.938196 9.177514 1.388552 7.716606 6.652111 4.058216 9.710991 7.922882 1.538160 4.585550 7.118688 9.230231 8.430329 9.565173 2.875065 8.410469 2.725795 3.132388 6.706649 2.153140 3.843830 9.969793 8.517897 6.886440 1.545533 7.755968 4.893199 6.273933 5.812036 3.241853 2.177472 1.237093 8.856970 2.153974 3.835680 1.867105 8.286040 4.992711 2.833498 1.890916 6.469648 7.902262 8.420995 8.891306 0.776055 5.907402 1.326278 0.372979
4.841391 8.809960 8.137644 9.725721 9.550517 9.190567 8.668210 8.377277 1.296171 1.465487 9.173171 5.452051 3.760174 4.836014 4.139028 0.243883 0.665703 5.617032 6.043091 2.239042 3.035870 5.861669 8.931619 9.920242 1.132883 3.469489 1.178993 7.767253 6.209669 3.384775 0.448710 2.652323 0.075171 8.891975 1.682449 8.119811 2.988863 3.250688 3.079580 4.737335 4.178084 6.959383 0.290343 4.229270 0.140982 9.736507 8.937262 5.881895 5.191002 4.268781
8.691170 4.557232 2.463013 5.651630 6.668359 3.288367 3.659544 8.925052 8.577614 9.660847 2.212768 7.983134 3.942984 8.697627 9.860120 2.693446 5.877661 0.832992 9.150136 2.953714 3.939996 0.368135 5.293598 5.779813 7.465347 0.817268 6.656694 3.738285 8.713284 4.411142 7.146435 7.475776 7.484291 7.127388 5.364032 6.700048 3.271058 5.435829 2.155444 3.582504 9.695444 7.552490 1.756152 0.748424 8.940037 6.693775 0.281279 8.291388 1.078822 8.479080
2.306729 6.122408 0.324411 2.734272 6.387476 7.773066 1.384221 4.984535 0.327133 0.040460 9.527068 6.240492 3.192351 7.564892 1.239082 3.212711 3.236528 9.496415 0.491145 4.580304 7.365186 7.185397 2.968429 5.981596 8.797532 7.009767 9.698391 5.558144 6.618461 7.698449 6.427559 5.895939 6.282023 8.210411 7.794489 8.674729 6.282938 8.857782 8.922320 9.817369 3.975786 9.318653 0.625327 8.643125 9.245726 3.637665 0.883708 3.422043 9.680504 4.054245
7.235195 4.363939 0.960151 4.926966 4.918762 5.747280 5.643006 6.693631 8.123613 9.774356 1.611883 7.517171 0.823182 6.047985 4.464319 9.258529 6.395932 5.039372 2.853424 3.287106 8.562922 2.509243 4.477701 7.240877 2.921588 7.933781 2.808478 5.015930 6.405676 2.941276 6.917974 7.121767 4.237824 5.132042 1.253195 1.429101 7.743539 0.758433 2.617242 3.862271 0.854790 0.376948 0.116858 5.777500 9.967007 1.499762 6.763784 6.059172 6.152333 8.246364
4.568490 7.360005 3.258185 8.034234 8.462538 6.194100 1.425614 7.218808 8.740940 5.802395 5.633391 5.229986 7.248012 8.440538 4.425968 2.429455 8.061068 9.154868 3.308296 0.186882 0.850105 9.264287 6.455302 4.017539 1.604053 4.591732 7.126840 9.492699 7.388234 8.441408 4.874870 9.519583 2.733981 5.475214 4.590130 2.360407 2.100355 4.446168 0.838844 0.182331 5.352245 8.474889 8.018352 1.443629 0.819153 0.538502 3.106549 5.918760 6.188076 8.993626
7.776217 7.720967 6.954907 3.357730 9.041935 9.004884 8.149639 9.627472 6.921271 6.290915 6.964034 1.906523 0.770538 2.038996 2.370313 3.096786 3.751979 7.618337 3.867788 9.531652 9.345714 9.841049 3.557846 8.475699 8.496024 6.838564 4.966466 4.350011 6.417044 3.915630 0.082094 7.452760 0.902271 9.983789 5.580801 9.181933 6.585997 8.601199 7.287427 4.098981 0.673149 0.974312 1.933158 9.821993 5.798285 6.412235 2.009039 0.732552 5.205528 8.744737
8.564778 3.469353 4.824995 0.472303 1.275066 3.865745 9.529282 2.064109 7.542381 9.455549 4.573495 9.552762 7.433815 4.839670 1.861468 3.344086 7.126763 1.376250 9.537476 7.437178 5.357298 8.185644 9.987655 9.973113 3.485863 4.097073 7.774247 4.259805 9.556011 7.493381 1.309802 6.515671 0.946681 6.640751 9.003030 3.821275 6.614065 8.540286 7.401785 1.839281 0.629156 4.573312 0.048840 3.394505 1.795595 9.260108 3.853703 1.360841 2.632514 9.376468
4.939445 4.506747 4.216921 6.150930 6.960687 7.575307 1.614591 8.979529 7.581381 5.338820 5.018311 0.718997 9.344830 4.644200 9.954752 0.149465 5.376264 5.113070 8.970376 4.392171 5.200388 7.413835 7.560877 5.299019 7.085171 2.940856 5.115600 0.490136 7.499173 4.878547 3.635258 4.380888 0.502493 1.317100 1.453508 3.729142 8.670955 9.008054 8.831805 6.297387 2.189330 6.438914 8.530843 0.886373 6.095912 2.485646 3.159968 3.656153 4.632471 7.452709
8.648376 7.904200 9.766346 3.005334 8.070199 8.834354 0.062364 2.990238 1.441760 7.588730 0.723500 6.512997 5.497600 9.155551 9.483730 0.969905 9.745710 5.437464 6.772510 7.064520 0.466436 9.459262 0.189764 3.043566 3.425072 9.228832 3.825374 7.256182 8.244975 0.859039 0.555422 9.743405 7.078695 4.243843 7.157358 1.800115 3.696360 9.651040 2.032753 1.483697 2.750336 3.331975 4.955808 2.795806 3.539393 6.138179 7.309965 9.104201 6.961030 7.407115
7.078949 9.754046 2.120942 7.565769 0.392946 1.665836 0.720974 7.380178 6.488964 1.835231 9.547291 9.566198 7.629093 2.926489 2.129594 6.115046 5.556134 8.311936 3.950176 5.045961 2.042805 2.575876 2.445837 3.208914 6.534608 3.451532 3.728288 4.636620 2.547269 2.407114 3.085570 0.578453 0.563933 5.862314 5.529627 5.009386 3.127292 4.053028 0.407020 1.226793 3.557438 8.498576 2.656092 3.488271 0.388555 1.345397 3.219606 7.002123 5.655699 5.769973
0.030850 7.980984 3.621864 8.448803 2.126746 9.483486 4.839267 5.367668 9.893822 2.140377 1.345086 4.994304 8.467114 8.319484 3.956520 9.065536 3.117571 8.925669 1.065400 6.399477 7.253272 9.904483 7.417789 7.966286 5.403080 0.333004 6.790018 4.001279 5.226952 6.336685 5.798387 7.138510 1.041789 5.460562 2.010033 6.740506 9.568577 4.799386 2.098945 3.260241 7.519745 1.627326 9.178661 4.227596 4.266998 6.778588 6.087332 8.591126 1.602128 2.184113
4.979791 1.255852 4.367031 4.538232 5.039798 0.976945 1.552117 2.956799 8.609065 3.092584 5.267890 1.250188 1.622408 5.033790 2.709595 8.144612 4.579909 6.409390 6.586611 4.908944 4.495336 8.823475 5.413677 4.226636 6.136797 2.120144 9.947843 4.632147 0.706180 3.168001 3.953817 0.364803 3.257047 1.695621 3.038123 6.181010 6.828755 7.776644 5.150098 5.555496 9.080573 9.572692 9.480742 6.121408 5.612282 3.230403 7.090566 3.931351 8.119762 1.291910
3.596561 1.562345 8.922446 2.814715 3.402716 8.261539 4.032492 3.997021 7.034939 8.029348 4.350264 9.907417 0.577055 7.225354 4.975054 8.786016 2.955924 1.931806 5.767256 3.186759 3.329791 1.010551 3.348256 1.996728 5.489718 9.412936 8.446517 5.641571 1.277128 7.171258 2.156694 6.617038 5.715715 9.034365 6.699919 9.371705 2.102997 4.476644 4.017926 7.244938 2.572227 0.624528 9.313220 9.386102 5.942257 1.067345 0.515477 6.248280 7.749153 1.877829
4.790922 7.840784 0.610885 7.962144 9.093761 4.384048 2.410210 3.904742 3.942979 2.093576 3.211606 4.693719 8.920316 8.007220 5.224965 1.164815 4.877537 5.733165 3.777414 3.102902 2.663709 2.525660 9.182979 8.313838 9.492044 8.945501 0.511018 2.081809 3.557213 0.866447 9.249131 0.358616 0.654783 2.013667 5.778999 1.518716 8.380176 1.405537 5.732598 3.760729 5.008453 6.877813 1.724608 1.389482 4.048315 5.716738 3.543500 6.705244 5.662144 7.251350
1.243125 5.098098 4.623756 4.578145 7.681755 3.341884 9.332275 2.184178 3.632535 4.495098 1.119023 3.257668 0.653869 8.430860 0.815597 4.831797 3.691490 2.422756 7.343830 3.407005 0.012662 9.988983 9.201519 6.532542 3.704698 0.783082 6.414316 1.680378 4.227925 1.075618 7.691646 9.288193 6.534179 1.160909 3.817308 8.634452 1.534833 0.871083 6.171414 9.013158 8.503478 7.347673 0.042576 4.760143 4.067030 3.358016 1.836718 9.700734 6.790597 5.000820
1.435145 6.847969 7.762284 5.837613 7.440265 1.966603 1.808285 7.218737 2.398777 3.999223 8.160677 6.605496 8.553932 2.768960 0.745578 7.621515 1.887952 9.446344 2.394095 1.169609 0.885823 0.957220 8.203322 1.602096 0.195319 1.317093 9.880207 8.610095 6.396777 9.475516 7.675437 0.615055 2.958580 7.489460 0.545703 5.463978 8.364205 7.148650 5.922344 2.730561 5.606379 8.682016 5.408150 4.579170 3.938069 0.788599 4.252849 7.208546 9.217024 9.970547
9.223255 1.941094 8.239536 4.178465 0.719364 0.264529 9.689809 2.804421 8.483398 9.144606 0.338278 7.698601 8.871823 7.489446 2.079725 1.030608 2.730173 5.676768 3.713091 2.327347 7.149405 3.102363 2.684938 0.815089 6.297616 2.150839 1.326519 2.780647 1.856234 2.658763 0.619516 0.925316 4.472436 1.468841 0.434840 8.361589 7.807352 6.342627 4.591684 3.149379 8.009312 9.668538 5.098028 6.444750 5.019820 1.268462 7.729916 2.263195 0.769986 8.118259
9.433883 1.476884 3.144038 9.126232 7.393752 8.235765 6.899195 8.383906 0.569083 5.098876 5.139665 6.782842 1.883912 1.971740 5.469327 6.133394 2.231772 9.342757 6.225565 2.941496 2.849191 0.679794 7.222998 1.684256 9.396388 9.888897 4.307336 5.791574 8.918993 9.525882 2.433656 2.676683 8.252554 0.795603 2.784300 3.792277 3.271756 1.684113 4.131171 5.451814 9.015840 3.614671 7.335240 3.753499 6.015828 8.595342 5.804799 7.132247 3.369050 6.254131
1.378885 7.190737 4.495866 2.338498 1.361136 7.390204 7.988895 6.182030 2.148986 1.380692 7.480013 9.320109 1.061453 1.708222 0.726598 1.162694 4.321987 5.301443 1.416557 7.435238 6.114928 4.498403 0.252021 5.240909 5.475546 6.904365 8.736408 2.572957 1.938319 5.708869 2.670900 1.910051 7.548421 1.233863 2.422610 2.891380 6.858124 9.450394 4.081200 2.744876 7.202129 5.228424 9.893232 4.394066 1.823133 1.165377 9.601013 1.123408 5.746327 3.957807
8.760780 6.380194 3.691584 2.815708 0.733798 6.290628 6.723097 4.392436 4.423853 0.906600 2.406128 4.527827 7.312704 4.629056 8.018856 3.045971 9.210689 2.433918 4.016698 0.094360 7.448370 1.096375 7.622122 4.493274 3.628213 1.487145 8.593219 8.937123 5.633725 3.931390 8.083836 7.957701 0.076186 7.335699 7.777824 1.703365 3.129747 7.932104 4.438571 7.220457 7.293720 3.199763 1.514939 1.506569 7.913452 7.645485 5.298761 1.061527 8.276064 8.321861
4.181084 7.246671 2.637432 3.747076 2.396449 6.959724 2.225299 3.940539 0.516174 0.423962 4.855652 2.030501 9.380272 1.462310 2.756770 6.061860 2.952534 9.466666 3.112929 2.057485 1.115679 3.820203 5.639959 3.637078 3.638572 7.839104 1.372904 1.382080 1.199928 0.138598 8.094126 7.436745 2.006936 5.175151 1.163510 3.139555 1.227764 4.364936 0.421585 0.753644 3.637517 7.506538 1.447251 3.679320 5.909205 1.894068 9.711531 8.834517 7.607919 4.358406
9.660371 7.586909 5.201893 4.643383 0.126827 0.975404 4.518923 1.936386 5.966623 2.451789 1.353705 2.259018 6.403992 1.302428 3.162002 7.961034 0.392976 7.600319 5.934476 8.352370 1.164685 3.343543 5.186661 4.150582 8.087304 2.319153 7.820288 2.454415 3.977689 7.863623 0.380005 2.026944 3.719043 4.187992 4.928383 7.220672 9.674289 5.803053 3.127722 3.448428 0.881829 8.927266 3.276279 7.652798 8.313241 7.522702 9.553906 7.152077 2.784100 0.351676
0.440190 3.010747 5.249234 5.425505 3.810218 0.532780 6.227741 5.696670 3.942392 7.604592 4.556040 0.501312 6.075716 8.553831 4.104477 8.846060 5.221549 9.143131 4.310397 2.306179 6.604773 3.721464 2.818494 0.577877 2.422730 8.836230 7.989897 5.873588 4.748300 1.033282 2.874906 5.699142 4.582754 7.150211 4.606446 1.067163 7.876745 8.736421 2.553110 8.438825 7.443842 7.605840 8.160837 3.393722 8.195463 5.061258 6.436376 3.246511 7.313707 7.675793
6.302296 7.792712 4.577995 6.793700 0.640536 4.433282 9.306175 2.533638 7.941435 3.864228 2.683669 2.609283 4.269858 8.169079 4.805192 9.583239 5.981871 7.772962 3.705547 4.294067 9.367395 8.645366 9.834927 2.345809 7.905070 9.167802 1.251391 2.475568 3.812936 4.783140 5.443963 5.719099 6.825814 8.979547 9.472831 6.970328 9.932879 0.224638 9.552581 2.280328 7.810200 9.837028 4.327673 4.659648 9.044947 6.847639 8.992410 5.067248 2.451943 8.654221
3.777820 3.569465 4.327217 0.725262 0.705387 6.066116 6.316170 5.923132 7.749087 0.860469 6.715276 3.522294 5.129083 7.224268 0.268945 8.953151 5.403007 2.244114 9.128833 9.387867 9.832060 5.506344 1.699059 8.976897 0.946421 5.722930 1.736366 2.316739 3.796469 1.293510 9.715431 7.216942 2.283453 6.212637 8.933263 9.353182 9.790923 3.867792 1.604162 2.317164 6.123822 8.574697 5.469921 0.950115 2.752135 9.237175 7.011375 8.516168 1.207638 6.678445
4.325868 7.479739 7.944210 3.453286 2.044119 5.016035 2.167234 7.185834 5.298562 0.871996 9.852220 0.808009 9.674499 5.701136 2.760720 1.441306 8.924690 0.845874 9.386854 5.635613 8.403487 4.659205 2.165344 0.145445 8.360130 2.439952 8.558794 8.254934 7.608119 6.652774 9.217044 8.815802 2.186272 8.035465 3.291080 4.151649 1.386012 5.283285 7.047482 3.776295 2.427212 4.054569 7.373450 9.003788 0.944805 3.974297 1.676803 2.087623 0.822094 2.135729
0.374542 3.801605 8.714200 9.671182 8.660801 3.134300 0.559139 4.217549 0.967408 2.653429 4.815509 3.541712 3.774072 8.386023 1.104981 1.170165 4.206823 1.789699 8.445952 3.407265 1.592034 2.311288 2.260623 7.407468 3.246275 1.754406 2.846403 8.796956 0.264693 3.486518 3.219332 0.640477 6.982718 8.614005 2.270521 9.375096 2.712302 0.147587 6.154508 2.297028 9.589555 7.098057 3.097058 7.962968 3.906127 5.203545 0.758130 5.255708 9.775976 8.345622
9.400087 3.970961 2.650557 1.866841 8.902166 7.231267 5.894527 5.415050 5.738873 4.124396 5.107916 8.409061 7.786908 2.980728 4.183204 8.477157 4.901508 5.315607 3.811389 4.234882 6.103763 0.499613 4.801033 6.660596 1.162107 3.714566 6.848297 2.070650 2.061038 0.355055 4.586590 0.499522 9.242100 6.881003 9.133587 1.700331 0.574673 6.784330 6.848757 8.185983 8.275078 0.319928 4.116518 6.027653 5.199013 3.296417 2.580041 3.288999 3.295635 3.248618
9.041215 4.991178 3.202138 7.268234 3.612634 9.656114 9.907844 6.185802 9.842812 7.440267 4.126616 1.766306 4.392666 8.052813 6.639954 4.774492 0.279024 1.300304 6.205205 6.255137 9.170031 5.509149 7.870302 7.622808 5.423544 8.928226 6.048613 3.702743 9.618123 0.379350 5.420747 7.244394 5.270682 5.847680 9.863124 2.167253 1.884662 3.455462 4.041272 9.252569 7.494840 7.421172 8.548873 7.147821 3.867821 7.726398 8.231955 0.224235 1.473145 3.042322
3.794372 5.465098 9.440122 4.605712 5.392348 0.849914 4.501975 3.804558 8.745739 8.867517 7.593906 5.308805 3.859803 1.689502 2.222189 2.510035 3.866005 0.268187 0.851701 3.924246 1.139822 5.041698 7.021634 8.204167 5.330118 9.746393 6.542498 5.268027 1.466064 9.389539 8.783744 8.383371 0.530983 9.471332 0.810993 2.060210 7.864058 9.144247 4.445597 3.498147 8.780482 7.578795 8.195735 7.907466 9.512628 0.150707 1.927545 6.493576 1.409752 8.730739
5.445241 3.462637 4.083877 7.503950 9.951270 7.358238 0.652041 2.948182 3.348584 3.827304 9.103385 3.261554 8.342680 3.834318 8.292813 3.619815 9.409031 3.727709 4.095923 4.670722 4.044723 8.343260 5.884516 6.286168 5.846942 4.307699 6.821775 3.530441 5.231136 9.499040 2.270905 7.575888 1.834382 6.670631 0.159479 0.882582 6.089663 8.727629 3.190957 5.642025 3.903422 1.894905 3.259349 4.414664 1.159610 4.969543 5.468753 9.820029 5.113164 6.237868
0.149640 1.063028 6.434811 3.449890 3.127133 6.244484 6.191681 8.358188 8.258880 2.518392 0.054413 0.546137 0.114118 4.156141 5.861640 6.540245 8.750930 8.608324 7.044455 2.323798 6.379184 5.246776 5.661470 1.636281 6.206260 0.271975 9.076438 8.276858 1.143505 8.966296 3.263176 8.963073 1.620975 6.879831 0.206279 7.882413 6.861302 3.927772 7.499089 1.151994 6.740938 7.345131 8.905296 4.902794 4.443921 5.953129 5.976008 0.445643 0.035381 8.688588
4.902168 1.204870 7.653821 5.225620 8.665083 1.200314 6.292358 0.708288 2.922501 7.520373 9.988847 9.722790 7.343575 4.893562 5.189204 3.692122 7.538094 1.631177 7.711335 9.253173 4.997492 1.498414 9.567692 3.061536 8.409239 7.004565 0.713893 1.760926 9.449122 1.872586 7.753401 8.572315 3.812862 7.671095 5.750969 8.653514 2.000566 7.935552 3.739050 2.142935 2.500602 8.582485 9.686509 9.311160 7.610249 0.507135 9.808629 7.132610 5.616608 4.676582
2.902800 5.210131 1.341503 1.023592 7.066978 6.279754 1.741905 3.949471 6.905568 7.594146 3.549481 5.526287 6.252856 5.712283 0.128835 1.116488 5.119135 1.845587 7.121599 9.107966 6.457262 0.744552 5.058477 8.208948 3.860511 0.814849 9.896997 4.373873 8.121963 0.022505 6.893741 5.048519 1.632562 0.348300 3.816639 5.932629 0.543393 4.196862 9.453896 3.808648 0.347606 3.152779 7.785255 1.086234 6.860730 4.517513 6.890110 1.059877 0.600207 0.166063
9.850047 7.422551 6.797252 8.013633 4.507603 2.278661 9.925768 3.991538 2.387389 6.283707 6.491845 1.033000 2.611568 5.791964 0.159217 0.512465 5.146233 1.398131 7.292870 0.296969 6.377934 4.184026 9.880089 6.241129 7.404526 7.256205 0.779051 3.704141 0.896842 0.982975 5.110144 3.810066 2.971844 9.846357 1.576957 3.894601 0.868316 6.959217 3.315981 0.829320 2.281966 8.777338 8.455665 9.538469 3.659603 3.700191 0.204929 9.367594 5.720162 8.508629
4.450073 7.358897 0.301570 6.507959 3.197249 3.929457 3.906094 6.953634 5.750069 2.099765 8.111634 5.436945 1.370684 6.209800 4.367523 2.833748 1.417235 8.999740 4.511822 5.289516 2.953558 2.593275 1.323464 2.568782 4.816397 6.671709 5.896290 1.162878 1.217465 3.100464 4.916032 2.454158 6.272527 0.455183 4.578515 5.895998 3.968191 3.561974 3.181197 1.538319 3.913743 9.459222 5.164084 3.407999 0.058695 4.531617 2.224041 7.449721 2.244370 3.478541
7.498559 0.063995 9.276263 0.283857 3.500441 8.088886 0.022199 4.573716 5.244347 7.203156 9.820884 1.937931 5.640662 9.782074 8.840455 7.867305 7.171070 5.853012 1.625521 3.733212 8.647644 9.712182 7.959899 6.026200 4.642593 5.474321 3.865537 1.835550 9.462951 9.792775 7.504984 1.524408 5.861518 9.439677 1.224816 6.530754 5.252328 2.646857 7.085000 3.961507 7.021536 9.038825 7.775767 2.192163 7.171815 0.637904 2.080241 9.087829 5.106131 3.782608
5.060935 7.966293 9.289629 2.171035 1.627323 9.811080 0.526235 8.713672 8.908887 4.876679 3.663454 9.375893 2.662734 8.467731 7.857920 7.100982 2.290970 1.934890 7.615632 9.144619 3.189090 6.583447 5.237506 4.068931 2.149960 0.115471 9.652843 0.923276 9.980394 7.326860 5.018825 4.435189 2.690605 3.061642 3.019031 8.992721 3.030994 1.678707 2.911850 5.235984 6.621766 6.167262 7.450534 8.414896 4.680984 8.364940 6.715196 4.881148 8.531272 7.175382
8.573124 4.162115 9.939802 1.551240 8.328919 6.392204 4.519223 0.091432 2.836198 8.882065 3.944124 9.906586 0.454811 2.125110 9.607374 0.023966 4.976138 6.109595 8.410544 6.714612 3.824332 3.072458 3.207644 7.972626 5.544765 2.569090 9.875400 7.456444 6.591879 7.621838 8.252978 9.975387 2.904906 0.347407 5.910642 0.992670 8.783045 7.001535 5.919313 2.026955 1.902982 6.871505 8.243215 9.910010 1.069605 5.130094 4.049239 6.950054 6.588621 5.837469
4.754565 7.477330 0.582868 7.025255 7.875827 2.817178 1.307714 8.785334 5.310162 9.808415 6.875086 9.807215 8.050903 7.675819 7.891773 4.125425 6.928584 8.171141 7.966055 8.395403 5.346514 9.765294 2.879620 5.245130 3.360154 1.466656 0.973432 7.074407 1.600433 4.142457 6.297088 3.176483 7.235959 5.562075 7.546151 8.933281 2.894059 4.665082 5.101428 8.926841 9.169058 7.163171 5.650019 3.449760 2.489281 8.802193 5.872803 3.843843 6.349225 3.603969
5.407551 4.286138 7.877251 8.776747 3.463197 7.014003 8.319186 9.131836 9.107807 0.446713 6.166083 0.763172 6.374996 0.256693 0.352237 0.344551 8.991068 3.081564 4.434526 4.418077 8.686782 4.314331 4.939524 0.899509 7.802488 4.581231 8.005412 3.484739 2.980941 2.551843 3.011678 8.362761 3.308377 7.696242 7.676174 6.617759 8.797557 0.768311 4.059628 4.851364 0.375113 2.541615 5.728194 3.996479 0.745096 2.361676 9.114148 4.825349 9.444046 0.662233
2.107574 0.156317 6.332490 2.108485 8.246068 9.823347 3.089834 7.737014 8.134412 0.601566 8.729503 1.587944 1.803274 1.687890 9.963121 1.398395 6.518478 0.829276 7.106428 9.600968 6.806342 3.937875 1.763500 0.426963 1.198134 1.407592 8.223023 3.833995 3.706422 1.878925 4.931433 1.966174 2.313237 3.213722 4.404521 0.895691 3.401005 0.103048 5.163218 0.086691 5.543004 4.117572 1.888953 7.039301 5.631905 5.226883 8.689399 7.803974 7.499148 1.732563
2.310388 3.038835 9.566922 0.340216 2.880034 9.121078 4.928276 4.165197 4.451191 3.271639 8.632669 2.514717 1.327910 1.153832 4.333734 2.761374 1.309301 0.270987 2.973945 6.269050 7.557313 4.287095 6.445589 3.735570 5.408034 2.662838 3.688591 5.280870 3.601604 2.091447 9.371233 4.986817 2.669173 2.614231 9.907412 6.664066 8.585309 9.274170 8.980401 8.494151 3.977039 6.600482 5.166914 9.768790 4.597996 0.822645 8.339978 6.930196 1.858883 7.525616
4.665456 4.551154 2.551765 6.038294 3.387778 8.631119 5.530407 8.296959 5.438179 0.001465 5.907579 7.530246 1.115643 4.797626 5.187244 8.715793 9.303869 3.584483 5.477997 4.192320 2.581480 8.127980 6.409038 1.019204 2.459222 8.902267 9.738219 4.353784 8.437315 9.702872 9.992629 4.807191 7.875089 5.436500 3.514131 6.139950 5.537699 3.839964 4.574279 5.866911 1.455795 2.077109 8.601051 5.773636 7.695913 9.844059 7.573239 1.658609 7.731031 3.565628
