10
3.745401 9.507143 7.319939 5.986585 1.560186 1.559945 0.580836 8.661761 6.011150 7.080726
0.205845 9.699099 8.324426 2.123391 1.818250 1.834045 3.042422 5.247564 4.319450 2.912291
6.118529 1.394939 2.921446 3.663618 4.560700 7.851760 1.996738 5.142344 5.924146 0.464504
6.075449 1.705241 0.650516 9.488855 9.656320 8.083973 3.046138 0.976721 6.842330 4.401525
1.220382 4.951769 0.343885 9.093204 2.587800 6.625223 3.117111 5.200680 5.467103 1.848545
9.695846 7.751328 9.394989 8.948274 5.979000 9.218742 0.884925 1.959829 0.452273 3.253303
3.886773 2.713490 8.287375 3.567533 2.809345 5.426961 1.409242 8.021970 0.745506 9.868869
7.722448 1.987157 0.055221 8.154614 7.068573 7.290072 7.712703 0.740447 3.584657 1.158691
8.631034 6.232981 3.308980 0.635584 3.109823 3.251833 7.296062 6.375575 8.872127 4.722149
1.195942 7.132448 7.607850 5.612772 7.709672 4.937956 5.227328 4.275410 0.254191 1.078914
