50
1.150546 6.090665 1.333910 2.405896 3.271391 8.591375 6.660902 5.411622 0.290138 7.337483 3.949500 8.020471 2.544211 0.568849 8.666486 2.210290 4.049894 3.160965 0.766627 8.432247 8.489391 9.714651 3.853769 9.544881 4.457584 6.697247 0.825000 8.970986 2.980035 2.623048 0.051295 5.432025 4.755964 6.363737 9.782041 9.086628 9.101531 5.252557 1.040189 1.809146 9.530402 4.119530 8.650171 6.721773 6.287858 2.755588 8.967473 2.068914 4.044052 9.935725
7.357271 4.450614 5.606632 4.112555 7.269880 3.991969 6.701452 7.047156 6.095599 5.400345 2.060819 1.991615 7.957389 2.903328 6.559628 2.996168 1.444784 4.039567 3.102695 2.433980 5.881040 2.453433 7.477706 7.201466 6.952609 1.027428 9.436424 5.033396 8.996736 1.985799 5.944492 9.654086 9.986982 0.241686 4.813033 2.914227 0.637206 5.696244 0.050833 6.112776 8.701815 8.836015 9.543195 7.398638 1.847130 4.346783 8.858995 2.550463 4.433127 6.169370
1.033525 4.901097 0.447044 3.116275 7.520397 7.154991 9.415542 7.768954 2.152285 9.049712 5.522641 8.448979 9.224895 8.289613 3.941980 5.981881 4.326981 6.941471 4.846865 1.282603 6.443705 2.047062 7.449571 1.056172 0.073095 3.344890 9.692555 7.009757 4.136855 1.207522 0.603635 7.262117 9.054510 0.160259 5.841408 7.286041 2.921975 5.227976 8.148519 5.963270 3.785553 0.775578 4.869062 4.681939 1.815348 0.701359 5.084009 3.318517 2.144978 0.946569
8.379305 3.551125 8.267851 0.259623 0.022396 9.244178 6.739333 9.948146 4.795050 1.591375 9.522831 1.660702 3.692853 9.345600 0.816411 4.539621 8.872906 3.194051 9.626579 9.973726 4.860155 3.212916 9.734390 9.987185 4.452131 0.447457 4.470611 7.101748 6.260713 6.706498 9.719189 6.619712 0.914502 5.897310 2.115810 7.950756 3.503060 5.024365 7.035391 1.716277 6.010594 1.600346 8.265784 3.327016 5.466972 8.307106 9.690671 3.275350 0.883738 9.634891
9.893034 9.190771 8.504857 4.936927 4.686166 5.589528 1.069022 8.987371 6.151472 9.920458 6.925764 3.547349 1.734634 0.461681 3.267897 3.557944 4.793872 6.589781 0.859422 2.964456 2.034231 6.521597 5.771564 6.818021 2.169300 0.222697 0.389742 4.567138 8.776101 5.391572 5.254933 5.442263 5.164190 8.863524 4.101944 8.195218 8.322170 5.941810 1.984167 7.753043 0.054313 0.527463 5.811499 2.519734 2.641719 0.440133 8.968209 5.574485 0.236022 5.726544
7.030108 7.147556 4.460322 4.250692 2.766930 9.444195 7.894579 9.918982 9.079077 4.074285 4.367644 6.235654 3.242879 0.325861 1.644172 5.563016 5.370449 9.718097 5.316076 6.674710 2.712645 3.929733 0.702288 4.438487 1.988124 0.625957 7.933145 1.404806 8.931604 1.825355 8.109023 8.768303 0.088659 6.174511 8.098136 9.279631 5.830705 7.835014 5.046790 5.786960 2.356536 4.281531 6.500991 2.824408 4.385033 9.449026 1.068903 4.006253 7.948279 1.028001
5.535895 3.508994 5.285241 3.284007 0.766090 8.947241 9.835751 4.259948 7.052204 4.214131 7.632994 7.975582 3.079792 0.434237 9.953563 7.037824 7.223856 6.512462 0.654917 0.520258 4.898642 8.059431 9.791178 5.820545 0.933895 3.499251 9.429105 6.557638 4.334470 9.614253 7.548251 1.641372 1.435790 6.555133 9.797404 8.105139 7.160105 7.697407 1.629159 4.887480 6.111575 1.893565 0.539701 2.615525 8.876176 0.412617 2.881826 0.939594 6.808420 2.520220
4.948550 2.958191 8.815599 7.214746 1.975223 6.196122 1.350936 2.978314 3.639500 4.094098 9.352284 0.504527 8.089872 6.253613 8.189792 2.622295 0.178976 0.795102 0.803626 1.693091 1.738501 6.935592 6.699705 0.317450 5.638471 9.301412 5.733005 4.302217 1.498250 6.370130 3.870518 3.007551 1.160727 3.018235 1.697153 3.460162 1.892540 6.646432 8.245572 7.576509 4.194701 2.436644 5.691102 8.981558 7.413671 6.929495 3.747076 1.763269 1.706851 9.932527
1.640316 8.426721 7.781038 5.628000 9.128311 9.157684 8.522659 1.605638 3.287612 4.889339 3.949218 1.006770 8.479900 2.912661 3.173225 7.768397 3.403116 8.138628 1.173081 7.721243 3.643792 2.680834 5.921208 3.075699 6.439072 7.160437 8.929527 3.196964 9.318809 9.858266 5.681549 3.694126 9.598642 8.061192 5.642773 6.791583 8.356962 2.939717 1.199307 5.198492 4.474682 1.940245 4.054467 5.007725 4.913256 5.566604 5.062257 8.285107 0.534455 9.554199
1.157309 0.361858 9.604734 8.611293 9.593565 9.948599 5.851397 5.486828 2.603291 1.188870 8.081791 6.869636 2.018194 8.899351 5.190345 1.951174 5.006826 1.164926 6.007902 8.182539 2.407698 5.582135 1.723470 7.926345 2.976313 9.697691 5.704070 3.964031 5.752655 0.140619 7.980348 6.117567 9.105603 9.485134 8.109399 0.795199 9.803263 7.412727 7.263046 3.828311 0.756082 4.762799 0.560858 5.762812 7.824246 4.806666 5.070774 2.958631 0.130377 4.737348
7.377056 0.579191 8.479725 2.616032 4.450436 4.884932 1.913975 0.378867 4.444780 2.295267 9.900030 0.850132 6.969554 8.217459 5.358888 3.600640 0.443537 5.928475 8.242524 2.176054 1.356506 6.050785 5.374248 1.313056 5.793745 6.400040 1.991812 6.674538 7.392251 2.051324 2.427065 7.543576 0.916464 4.181438 8.092240 3.216126 1.223288 3.848396 4.717752 2.148555 0.094398 3.644663 1.296638 1.611642 7.832565 4.392533 2.524595 2.795876 6.471285 9.230428
9.964278 4.816879 5.769745 0.329665 9.847116 9.914392 2.390878 6.775264 7.375070 6.972626 5.564469 4.898719 4.333814 5.737959 6.986819 7.693545 6.500027 1.847286 8.426877 3.200065 2.793204 2.834329 5.042181 7.049967 7.649994 7.081048 0.455235 3.564536 7.023750 5.578451 9.450554 6.647580 9.262594 2.770052 7.713783 1.358214 6.914693 6.317652 6.671644 8.394688 4.948907 6.868454 2.842990 4.798556 8.892123 6.898164 0.963245 1.013199 4.670882 8.615430
5.375710 5.979958 6.295206 1.605675 8.179995 4.988382 0.794695 5.286191 1.130528 7.363978 4.150378 3.229366 1.422875 8.712902 0.569118 6.313668 6.881493 9.673903 3.504625 6.490817 2.332296 2.941809 8.045944 5.376469 0.081660 5.587624 5.771960 5.418329 2.253325 0.646904 3.147961 5.383193 6.256902 2.133859 7.115620 0.458948 3.472299 5.272571 8.281406 7.641269 6.260252 3.968743 9.472621 1.217263 9.369911 6.377000 7.123628 4.329058 5.105470 6.227241
3.803481 6.675282 0.965934 5.337495 0.981806 4.334626 9.667015 1.318860 9.061612 3.389427 3.917220 3.580578 8.728005 2.749268 4.561890 7.160121 0.263903 4.578296 6.165487 0.596017 8.505142 2.996492 9.296794 3.675817 6.834703 7.645458 7.200873 1.481044 3.918115 9.221060 2.959493 9.962948 8.106237 9.037981 4.743174 7.821457 1.725380 2.255613 8.960635 6.587748 7.512168 9.991130 8.694245 4.329052 4.383559 6.509151 7.376326 6.165256 2.074236 3.712161
9.021869 1.928681 7.499204 8.567058 7.675869 1.802383 3.172215 9.450209 3.199854 9.105876 7.659145 9.489230 4.055728 5.219798 0.321515 1.485819 5.785174 0.308996 0.363985 1.991563 4.247656 1.511174 5.376342 0.452685 3.482489 3.498193 3.102770 2.888837 4.737348 1.399865 5.722567 6.577314 6.086892 3.614003 4.237770 9.397300 6.574251 3.913649 3.752060 1.364792 8.601766 9.026153 5.449010 7.364998 8.008413 9.142614 5.009330 9.379626 8.193199 1.217733
5.099420 8.185640 9.986450 3.397090 2.360644 6.376031 0.259944 0.746580 7.558651 8.707204 8.436215 5.387383 9.055275 9.638372 6.219867 6.733326 9.036119 7.753839 8.802419 5.991692 3.251420 3.927512 2.265875 0.109461 0.145706 8.297948 3.361965 6.249505 5.584175 4.193383 2.900453 4.253433 4.799661 8.693781 2.495883 0.878053 9.829042 4.590476 7.396188 0.252933 6.599917 0.719157 3.825669 4.997262 3.698373 3.150074 9.141507 2.728550 2.172143 9.792797
4.169771 6.229602 9.088843 7.090225 4.203177 8.755194 7.906093 8.825713 7.781192 8.123047 9.368448 2.270002 4.948060 4.455003 2.534584 5.402436 4.241778 7.734619 3.098786 6.938641 7.016967 0.448220 1.679635 2.866069 7.290967 9.078355 8.530269 3.881597 2.145323 8.577450 6.258275 3.118608 0.935921 5.309190 7.472713 9.598268 5.867903 4.077070 0.900594 5.901156 3.025003 4.726224 5.733855 8.836501 9.801730 6.609075 8.013054 0.154390 3.221205 5.846236
1.456225 8.080228 5.736099 9.580682 9.625375 7.771268 1.037204 1.256416 0.056295 7.677750 1.225567 3.541083 2.240494 3.973717 9.056314 8.770154 6.906973 4.837223 7.437538 7.210021 8.891012 7.007425 1.150540 4.827713 9.672182 1.915069 7.375502 3.072318 1.509106 9.483048 4.619408 0.458855 3.196775 8.622565 1.950601 0.494536 1.698997 6.445136 9.903243 1.385082 1.173505 2.643856 1.370110 8.558975 7.725577 8.179224 4.484682 9.657979 7.895113 9.483962
1.632792 7.572667 8.617514 2.789427 0.876666 4.419878 8.047888 4.990448 8.651476 9.063151 5.310283 0.090671 7.607676 6.751514 1.811662 8.391495 2.758338 8.000118 4.494473 6.339196 0.358422 1.268842 2.419767 7.376207 4.324348 5.367869 3.225643 4.277640 6.333467 1.841323 4.195301 6.773123 8.485650 4.167218 7.391742 0.739021 5.437391 3.390995 4.470965 1.579674 1.536185 4.882138 6.392047 8.534974 9.237514 7.253281 3.387429 4.111276 6.145234 7.464952
4.860747 6.732662 3.051294 1.522732 4.146833 0.482262 3.596881 3.728847 9.416982 3.191336 8.541102 4.079443 8.815080 9.186727 0.309686 5.673945 8.850314 7.950170 3.982806 6.224958 3.058579 5.945440 4.545039 4.380034 8.400899 7.716233 9.380806 0.300764 3.661991 5.758381 2.699935 3.048478 2.961517 2.331208 7.280681 2.056119 1.382035 1.898814 8.412133 1.981962 8.269485 6.762501 8.481550 9.784979 8.720516 6.396943 5.105535 7.157773 3.216931 3.841258
5.199696 1.156235 8.517831 0.351338 4.469254 7.075317 5.093061 7.080097 9.092154 8.181320 3.118585 2.512440 5.383278 0.178451 5.155938 0.168084 6.126329 6.636543 3.251510 4.872287 8.276840 8.558970 4.996755 8.940908 4.801221 1.739943 1.386953 9.165680 1.816878 5.678506 2.010611 3.465767 1.050126 0.069397 4.165983 6.449431 6.480657 0.732598 5.850748 0.362536 7.690732 0.914889 6.588417 8.809760 4.802432 9.271778 0.384485 5.159338 1.783071 2.380307
8.301522 6.776724 8.066279 7.544639 0.401514 5.819283 1.558181 9.022787 5.488721 8.323033 4.851585 3.338465 3.717952 0.452513 5.537396 2.703118 8.024482 3.818257 5.801988 3.728643 8.556288 2.117481 6.631835 1.375976 6.045628 2.153486 2.992688 3.933301 8.929955 7.218967 9.124489 3.635841 6.071479 6.651369 3.900440 4.430879 2.227584 3.549681 3.739556 8.118683 7.871215 0.696846 6.960416 3.000639 1.141765 7.578330 5.366031 6.724184 3.721167 3.809159
7.481531 3.058719 4.914726 7.521560 2.192455 9.298048 8.176759 2.450840 3.805235 5.974454 8.758932 2.823973 3.419560 8.504327 9.882738 1.450139 7.790971 5.716659 5.286881 3.949894 4.014642 7.302486 2.295466 3.217240 9.524450 4.640273 8.955240 9.465264 7.077569 1.982212 6.338547 6.535289 0.290648 6.964091 5.357603 6.602470 8.571570 5.596758 3.082381 3.021192 2.051680 3.589243 5.933666 9.169126 0.358529 2.195513 1.696462 1.114394 3.330598 4.564603
6.836966 3.707753 5.584288 5.649983 1.646620 5.733419 7.873794 2.419397 5.356804 6.042891 9.973994 4.926868 3.438807 3.645814 4.154713 0.644952 6.556924 4.047817 3.997449 0.956360 2.622410 3.220791 9.645980 2.046377 6.962607 4.054218 1.436520 0.404608 4.985683 9.598232 0.250975 2.445558 8.329286 4.349766 1.536159 8.330948 1.552342 6.548972 0.377551 1.247538 7.919844 4.094239 4.300887 6.298228 8.537130 1.601888 8.796847 4.460790 6.115198 1.579137
2.815032 9.695450 6.663539 5.789882 1.455331 9.554072 4.696384 1.729709 2.323805 9.026481 3.015449 3.620655 9.339956 9.665554 6.960365 8.148066 3.354722 7.249107 7.078138 4.346841 7.269874 7.634633 3.316715 5.543855 3.569954 5.964474 6.868404 1.070766 0.662377 6.865918 7.342090 0.531463 0.136154 3.904227 7.883489 8.298262 9.426796 6.594268 8.568529 8.204485 3.577277 9.505010 8.808582 4.545303 2.117631 3.387597 7.859974 8.267254 5.273440 8.679162
1.368322 8.229964 4.618128 2.124711 6.099542 9.066767 6.890055 7.968550 6.255621 4.922071 4.405685 7.402475 7.806057 4.868636 9.922284 3.827917 5.561574 5.617196 6.187197 1.967838 5.062373 7.536067 5.040201 7.481532 1.906299 0.333679 2.423891 8.593076 1.321959 2.708880 0.671759 5.304784 4.472437 7.807572 0.898115 0.710815 2.452221 9.060993 5.560605 8.215696 6.440386 8.969532 4.874712 7.973996 5.534556 2.861914 2.327406 9.015442 5.223077 0.117703
8.878744 5.471743 9.022589 3.980625 5.360142 2.842856 7.051530 0.149454 6.171008 2.794221 0.728929 0.389545 4.698628 5.686285 7.364070 9.841775 7.228651 0.078565 3.898172 7.258236 1.057327 1.020701 9.473782 7.895565 9.143699 4.909930 5.546703 0.799505 7.050856 3.075135 9.602840 9.072598 1.131291 2.472000 1.381301 3.437848 9.783200 8.958749 3.188582 4.831631 5.651435 6.677323 2.352305 5.063726 7.289172 8.874935 1.227513 9.401711 8.370926 0.601898
5.154454 1.097906 4.248452 4.929905 7.443774 9.488870 9.170655 8.525718 0.159358 1.412975 9.210872 5.894581 3.898784 1.808619 0.763320 5.310093 9.078531 5.945276 0.093648 4.287014 3.798206 1.291585 6.750806 4.393809 7.461621 5.947888 3.649333 6.529292 3.010912 9.866833 4.887084 7.223047 1.784985 7.759300 1.561774 4.856346 4.849186 9.030594 0.925222 6.549096 0.020600 4.840762 1.993305 4.151944 8.552739 5.260150 6.844586 4.606065 8.798814 5.772907
1.909905 7.777125 1.922921 8.428955 8.978354 6.510965 7.616135 3.381353 1.470248 3.578153 1.129088 5.266088 3.151035 3.337169 9.779903 1.436486 5.433413 6.213619 8.145408 7.998624 7.833170 6.466888 7.455599 9.187096 3.426046 2.391829 2.057847 5.883460 2.756910 9.678870 4.823904 9.198070 7.606326 9.932216 7.436420 4.485163 5.294326 0.905249 7.294178 4.481514 4.868689 0.670972 7.967371 1.862350 2.830776 6.251281 7.413801 0.936267 2.516686 8.785889
9.217631 5.107629 9.969878 3.343719 3.950017 5.450590 0.436871 3.855574 6.822556 0.333543 9.257093 6.344946 3.514623 1.056924 9.821398 8.124195 9.476372 6.012999 4.769357 0.632324 7.518012 0.509809 7.213278 0.121063 4.983081 1.465934 9.389676 7.941121 1.555132 5.208836 6.787935 8.000078 6.096309 1.171453 2.860585 5.307465 0.624933 8.246328 7.498263 1.067207 4.148302 2.502079 7.511862 8.625889 9.333671 9.327657 9.150985 1.717798 6.541170 3.161859
8.163624 7.832906 4.885842 6.320107 3.140665 6.207923 6.089044 5.280167 3.183998 8.756451 2.081599 0.791640 4.289923 2.552744 3.215603 5.377609 0.754930 6.867176 6.488188 1.190543 1.950478 2.079376 1.848612 3.454409 2.868987 5.376100 8.499521 0.070427 9.346935 6.325686 6.483964 8.440538 6.944331 0.060558 3.368283 6.623671 9.170477 1.138190 1.161740 3.420431 5.514390 3.030656 4.707952 9.259155 4.351030 8.463232 8.509173 2.272228 8.634729 6.348061
2.637360 3.899817 9.694149 0.056874 0.231121 6.683670 2.659207 2.928807 8.788358 6.819564 2.919989 7.564336 1.266271 2.955583 7.178492 9.243687 1.199942 6.606500 4.113197 1.352906 0.877594 1.539343 6.663222 3.863099 1.965362 6.151627 8.901997 8.342249 4.203726 8.506122 2.849146 0.472331 8.888495 5.295549 1.605458 7.932594 2.452093 5.715482 9.789865 0.353985 6.154572 2.305494 1.055668 4.662057 9.635188 6.055237 7.087828 2.819358 6.522898 8.029153
0.053106 4.132359 5.586476 1.537909 3.085335 7.893733 8.487082 0.038999 2.391883 3.034288 9.936564 2.561699 2.877452 1.877888 8.078086 6.633378 6.114787 2.240931 9.531830 7.307261 7.755404 7.829917 3.023988 6.732908 7.036342 2.844027 3.390861 5.968095 1.344019 1.272617 7.433715 2.549161 9.226205 4.923758 9.433559 5.675500 3.220154 2.344122 7.120802 1.214914 0.877642 8.695272 0.013492 8.975825 6.570091 9.131211 9.053654 9.075988 5.228615 0.217987
8.603989 8.616149 6.049670 0.170399 7.497461 9.068695 1.752851 4.770762 3.688686 1.244282 6.216750 3.198424 9.150504 9.901256 9.382002 8.416792 7.191061 5.314946 6.241420 8.749595 7.606455 6.341899 7.646372 1.149309 9.768981 3.642350 8.863382 7.865443 6.639871 5.878698 7.275009 0.125579 1.236719 3.835044 8.512065 3.342562 1.856960 4.797611 2.298027 8.725371 2.879514 0.789452 3.670590 1.071166 6.565223 5.499116 4.109409 5.947367 9.149994 4.996023
3.642144 8.580585 7.572072 3.983847 3.473308 7.746511 7.254936 9.029698 9.212510 4.741838 1.708285 6.240004 1.144616 8.911367 9.106714 9.298317 6.269882 3.140547 8.174937 2.293918 6.253659 5.153078 8.922401 2.826596 8.955317 1.161919 4.480260 9.279939 9.664503 8.141045 0.936680 7.496336 3.870621 0.244282 8.217822 6.669743 3.724908 0.028427 6.661267 2.775619 1.007588 9.703595 8.331521 6.780540 2.663533 2.996212 0.752968 4.422673 3.248703 0.479027
6.019059 6.862020 2.484530 5.583261 4.408442 5.542257 8.369700 2.518782 5.287449 6.087447 1.529297 3.604976 8.345075 1.145087 4.428550 7.153758 5.654507 6.651325 9.179713 6.491016 6.573313 7.737964 9.990201 1.862176 5.854450 3.598735 5.093433 3.722753 2.920978 2.015161 2.622467 1.554472 0.594342 6.285925 1.878442 8.148385 4.823083 4.670400 2.592909 2.207855 3.070192 1.911733 4.180257 9.729088 4.061664 8.355178 5.125788 1.411582 9.220263 1.450178
9.065158 4.910650 8.220663 3.694709 4.176631 2.081906 6.137358 5.052797 2.803279 6.231982 9.754484 8.852880 7.148506 5.832975 7.583190 1.282038 5.359786 5.436502 2.235200 1.979446 9.311047 9.359104 6.190427 6.503826 6.580368 2.268344 8.142798 9.276543 5.354094 5.215813 2.845151 2.004638 4.112263 6.533088 2.452601 9.583602 0.685505 2.514906 2.089126 2.383772 3.930834 1.186510 1.492100 2.711995 5.974134 4.138401 7.278302 8.878675 2.800165 7.259920
7.760852 5.088916 4.582149 7.842788 4.831435 9.099853 6.392810 9.352114 2.304638 9.757998 5.341587 4.526340 1.558706 1.352769 0.689274 1.738997 2.167861 7.750751 7.215908 9.884536 3.760386 0.229742 7.212249 6.690343 6.785547 7.410784 6.850360 2.359735 4.012910 9.612579 7.423154 9.640991 9.211745 7.787866 8.989563 4.627693 0.824626 7.864021 1.278661 0.155343 5.113563 9.247037 0.050035 9.852515 0.235431 1.545867 4.352920 4.280401 4.938901 2.095367
8.555876 7.146969 5.836678 7.584161 6.092362 3.821991 1.887880 9.615457 5.503849 5.981084 7.004958 5.838287 8.245810 3.356246 3.004485 9.441650 4.710914 4.381592 8.305443 6.792041 8.734344 0.298625 9.239556 3.639032 9.079261 8.061701 2.318329 0.956146 4.555503 0.573899 8.056715 7.581955 1.142333 9.236203 2.250270 8.361854 4.594409 0.256451 2.379737 1.791861 0.899064 7.067230 1.053608 4.340397 6.911216 9.220816 1.442715 7.652880 5.912743 8.331482
8.877432 6.563582 4.591909 5.443021 2.246361 0.703530 1.046688 7.646869 3.116341 3.986172 5.041633 6.575646 6.272377 7.164909 6.135766 1.235120 2.802952 0.152551 8.113758 8.278636 2.674579 6.266246 6.741624 7.850964 8.478285 9.361176 0.831361 8.934474 8.123236 4.698973 5.568731 9.190979 8.573952 0.830002 5.368363 8.371029 7.107471 7.313657 5.712585 4.326616 7.154600 7.600540 8.369002 3.663212 4.911718 3.514142 2.103495 0.473394 9.819418 3.179616
9.091428 4.205933 5.191512 1.498834 0.143639 5.035333 6.012064 0.991441 0.901004 7.993830 4.111584 1.444194 9.649090 1.514702 4.248957 3.762812 7.815835 2.366336 2.281359 2.928708 8.681682 3.533774 5.360179 7.372732 3.568566 3.640676 3.143107 4.751654 9.287960 6.406126 4.567171 3.155169 9.120389 4.759651 1.850969 6.785251 3.905309 6.740356 5.771249 9.784570 7.138413 8.952606 4.111641 7.695343 6.447257 4.132442 2.266927 6.554986 5.601473 3.555630
9.889608 0.710084 6.182085 4.692338 6.569802 9.130575 6.612126 5.962874 3.317677 3.062351 8.237011 2.385259 9.843655 9.597351 5.104564 1.488642 5.210984 3.093523 8.427326 0.811267 1.353945 6.717356 9.394428 4.835741 7.002108 1.860596 8.733957 0.261769 6.294982 6.334530 5.196421 1.309819 4.066090 0.324484 0.803103 9.745415 4.688548 5.091026 2.640022 1.827502 6.397299 5.485310 8.052646 6.487346 7.849701 6.410299 9.796300 4.028299 6.061403 6.233971
0.751801 2.156962 4.738893 7.296579 7.030296 1.020569 4.332855 4.519580 1.397287 9.624473 8.332724 7.237750 2.709701 4.711658 4.130726 6.312497 9.294407 1.094562 5.287415 8.722483 8.192565 4.756304 6.883645 5.277314 4.944484 3.479482 4.657612 9.875318 6.133849 6.534704 1.362874 5.670665 4.997559 9.509193 9.935307 1.604646 3.405531 3.427076 2.523238 7.462547 5.917769 8.391033 2.902067 1.221403 4.525022 5.273983 9.167128 9.386397 8.833774 7.988832
4.255364 6.435937 8.316612 7.674347 2.721950 2.988111 8.534294 3.353886 0.709614 7.428622 8.780843 6.920397 3.604285 7.886980 9.587773 2.449386 9.426918 4.042008 6.195601 6.219630 4.792020 5.526188 2.509934 9.674117 8.798147 0.437141 0.390091 1.191244 8.450984 0.217189 3.199889 5.797361 9.138014 3.987060 2.500052 7.594153 3.036065 0.650951 1.907585 6.148541 3.552033 6.232878 7.777261 1.600256 1.803860 5.348970 9.500787 8.266859 6.423297 5.627918
4.915751 5.398473 8.348471 9.070665 8.754411 5.834210 4.860733 1.881903 9.613964 3.056769 4.190894 6.746164 6.330052 1.840942 9.540462 7.645248 0.974789 4.538857 1.568170 1.200606 0.291647 6.017967 4.409697 4.083817 7.359603 2.659234 8.498454 3.524695 0.557938 4.425827 9.156037 5.057937 4.159743 0.180757 3.008586 2.053250 9.193410 9.879938 6.876333 2.741066 4.121869 9.807226 7.324015 3.276911 7.744667 7.000418 8.332996 1.096878 3.449789 7.129974
0.112826 5.386659 4.398704 7.250812 7.619950 9.135386 3.641930 3.405804 1.328175 1.358030 2.069246 2.725394 2.839571 6.705592 8.101471 6.435162 4.166792 0.561309 5.499309 6.877321 3.449326 7.900145 6.216029 9.658072 9.675203 2.360556 1.523328 4.128989 7.625628 1.155511 9.824773 2.738179 6.285254 9.045777 7.983598 2.503786 8.320918 4.058276 6.367943 9.156498 7.447151 9.492557 9.698189 6.496407 9.806413 8.052691 7.968450 8.643255 7.565793 2.603359
5.160233 9.804879 2.270844 2.752258 4.234307 9.833090 2.147840 9.733916 6.559194 1.375617 8.679471 5.750554 7.241125 2.112817 9.337108 1.488537 7.203892 3.992845 4.017138 8.859081 1.080921 3.599114 5.797334 5.678264 5.332393 4.279441 7.306605 1.982065 0.483810 4.941744 9.562768 4.497761 0.521465 9.994570 0.973208 8.669692 8.909996 8.413225 8.224312 7.947828 5.822494 4.045131 9.133649 7.880690 9.559888 0.991103 5.233340 9.296826 0.102125 6.747951
6.988703 4.829393 7.963269 1.990440 6.716348 2.159047 9.997654 5.536937 0.863736 8.441697 4.299970 3.387943 7.280242 8.381237 7.808810 7.260764 6.901847 1.913628 6.553974 7.277249 6.748007 0.117012 1.180453 6.032451 9.272739 7.813132 1.395253 6.615314 2.351112 6.604060 3.063504 1.456320 3.350731 6.371669 4.259857 1.544541 5.794481 5.224088 8.095775 2.161497 3.878849 4.577272 2.452198 4.958516 7.518602 7.704469 7.217994 4.371041 4.099269 1.528480
0.239294 2.882315 0.009518 2.478526 4.717696 2.154339 5.789370 0.197894 0.103220 2.235249 6.068398 3.799077 5.629252 8.450463 7.193833 1.580195 7.770458 2.726170 5.052539 3.106155 8.954769 2.559305 2.470406 4.237400 0.022099 3.267541 5.392077 2.457269 0.420290 0.446330 2.168960 9.558157 8.935389 3.007189 7.532898 5.812046 5.323340 8.327992 3.972193 3.335745 3.711495 8.308093 3.369197 2.156115 2.215486 0.208219 8.187321 3.769997 2.002186 5.900862
3.500385 7.045142 4.392375 9.599156 1.967599 6.260597 1.011969 2.090718 8.637411 7.197048 4.468635 3.011946 2.174324 5.833039 6.721120 1.435111 5.640323 9.623476 9.687483 6.347485 7.700064 0.807157 2.026479 9.573346 1.906095 8.589443 8.873205 9.370275 9.988894 5.526136 7.907391 5.472860 6.636006 0.250965 5.502067 3.657543 9.913825 0.587247 4.093564 3.603655 4.269101 7.254145 9.100947 2.032583 9.305546 6.891595 2.577473 6.023425 0.563098 4.420830
