10
1.150546 6.090665 1.333910 2.405896 3.271391 8.591375 6.660902 5.411622 0.290138 7.337483
3.949500 8.020471 2.544211 0.568849 8.666486 2.210290 4.049894 3.160965 0.766627 8.432247
8.489391 9.714651 3.853769 9.544881 4.457584 6.697247 0.825000 8.970986 2.980035 2.623048
0.051295 5.432025 4.755964 6.363737 9.782041 9.086628 9.101531 5.252557 1.040189 1.809146
9.530402 4.119530 8.650171 6.721773 6.287858 2.755588 8.967473 2.068914 4.044052 9.935725
7.357271 4.450614 5.606632 4.112555 7.269880 3.991969 6.701452 7.047156 6.095599 5.400345
2.060819 1.991615 7.957389 2.903328 6.559628 2.996168 1.444784 4.039567 3.102695 2.433980
5.881040 2.453433 7.477706 7.201466 6.952609 1.027428 9.436424 5.033396 8.996736 1.985799
5.944492 9.654086 9.986982 0.241686 4.813033 2.914227 0.637206 5.696244 0.050833 6.112776
8.701815 8.836015 9.543195 7.398638 1.847130 4.346783 8.858995 2.550463 4.433127 6.169370
